0 0.0825390625 0.716995340175953 0.144375 0.06860899999999999
0 0.2162109375 0.7695522697947215 0.13999999999999999 0.09022500000000003
0 0.2086328125 0.8327839618768329 0.04187500000000002 0.053571000000000056
0 0.28578125 0.830077513196481 0.03937499999999999 0.05920999999999998
0 0.325390625 0.7372586158357771 0.11499999999999999 0.07142799999999996
0 0.355390625 0.8220322375366568 0.05124999999999996 0.0582710000000003
0 0.405234375 0.7772194105571849 0.04375000000000001 0.04887299999999993
0 0.5062109375 0.7370709941348973 0.17000000000000004 0.08646600000000007
0 0.5855859375 0.7761668592375367 0.04625000000000001 0.04323299999999987
0 0.653515625 0.7351909941348974 0.1137499999999999 0.08646600000000007
0 0.6565625 0.7328231994134898 0.11124999999999996 0.10996300000000003
0 0.6350390625 0.8205659618768327 0.050000000000000044 0.054511000000000205
0 0.7112109375 0.8260924105571849 0.04625000000000001 0.047931999999999975
0 0.7359375 0.771618891495601 0.078125 0.07518799999999998
0 0.8499609375 0.7339152316715544 0.2025 0.14097699999999994
0 0.79453125 0.826317513196481 0.03937499999999994 0.05921100000000012
0 0.8577734375 0.8130469618768328 0.06125000000000003 0.05451100000000004
0 0.9194140625 0.8235725835777127 0.04999999999999993 0.04041400000000006
