0 0.099609375 0.44572883333333335 0.2 0.246667
0 0.1484375 0.8569270833333333 0.298125 0.28416700000000006
0 0.2275390625 0.11848958333333333 0.455625 0.23916700000000002
0 0.2958984375 0.534167 0.5925 0.500833
0 0.4996484375 0.8869791666666668 0.99875 0.224167
0 0.5002734375 0.4511455 0.998125 0.890834
0 0.091796875 0.370417 0.028749999999999998 0.06333300000000001
0 0.28515625 0.77890625 0.3525 0.13333299999999992
0 0.28714843749999996 0.3068746666666667 0.12375 0.05333400000000003
0 0.327734375 0.36838575 0.106875 0.025832999999999995
0 0.405859375 0.2478125 0.26187499999999997 0.1425
0 0.349609375 0.35817675 0.138125 0.055000000000000014
0 0.498046875 0.3425520833333333 0.12250000000000005 0.06666700000000003
0 0.643359375 0.14671908333333333 0.294375 0.19083300000000003
0 0.6121875 0.28161491666666666 0.10999999999999999 0.061665999999999964
0 0.657890625 0.3436458333333334 0.1150000000000001 0.05833299999999997
0 0.7566015625 0.36151075000000005 0.09687500000000004 0.05666599999999996
0 0.8409375 0.302917 0.140625 0.06250000000000004
0 0.886953125 0.3447395833333333 0.22375 0.05166700000000005
0 0.937421875 0.23901008333333332 0.12250000000000005 0.09833400000000003
