0 0.30179687499999996 0.17739583333333334 0.33999999999999997 0.12166700000000003
0 0.305 0.2907815833333333 0.34375 0.145833
0 0.2196484375 0.55536425 0.155 0.04083400000000004
0 0.398828125 0.5500003333333333 0.13062500000000005 0.04249999999999998
0 0.6884765625 0.7693225833333334 0.31625000000000003 0.11333400000000005
0 0.6216015625 0.4989065833333333 0.15875000000000006 0.426666
0 0.744609375 0.16437533333333332 0.32562499999999994 0.13750000000000004
0 0.71078125 0.3440621666666666 0.10249999999999992 0.03750000000000009
0 0.7142578125 0.2851559166666667 0.10375000000000001 0.02916699999999998
0 0.8163671875 0.4984374999999999 0.17937499999999995 0.42250000000000004
